0 FILE EV3Core.io
0 Untitled Model
0 Name:  EV3Core
0 Author:  
0 CustomBrick
0 FlexibleBrickControlPointUnitLength -1
0 STEP
0 STEP
0 STEP
0 STEP
0 STEP
0 STEP
1 16 -0.001780 45.864480 -60.978340 -1.000000 -0.000003 0.000038 -0.000002 1.000000 -0.000001 -0.000038 -0.000001 -1.000000 submodel ev3 core copy
0 STEP
0 STEP
0 NOFILE
0 FILE SubModel EV3 Core Copy
0 SubModel EV3 Core Copy
0 Name:  SubModel EV3 Core Copy
0 Author:  
0 CustomBrick
0 FlexibleBrickControlPointUnitLength -1
0 NumOfBricks:  17
1 15 -0.000980 -164.996700 -29.867620 1.000000 0.000000 -0.000015 -0.000015 0.000000 -1.000000 0.000000 1.000000 0.000000 95646.dat
1 71 100.000200 -84.998130 -29.867700 -0.000013 -0.000003 1.000000 -0.999601 -0.028271 -0.000014 0.028271 -0.999601 -0.000003 55615.dat
1 71 -99.999770 -84.996860 -29.863760 -0.000045 -0.000128 -1.000000 0.999600 -0.028271 -0.000041 -0.028271 -0.999600 0.000129 55615.dat
1 2 -120.000600 -65.005640 -30.425210 -0.000059 -0.000045 1.000000 -0.028270 0.999600 0.000043 -0.999601 -0.028270 -0.000060 32523.dat
1 1 -140.000700 -65.006500 -30.424000 -0.000045 0.000059 1.000000 0.999600 0.028270 0.000043 -0.028270 0.999600 -0.000060 6558.dat
1 1 -100.000700 -65.004860 -30.429160 -0.000045 0.000059 1.000000 0.999601 0.028270 0.000043 -0.028270 0.999600 -0.000061 6558.dat
1 1 99.998710 -65.006120 -30.433120 -0.000045 0.000059 1.000000 0.999601 0.028270 0.000043 -0.028270 0.999601 -0.000061 6558.dat
1 1 139.998700 -65.006680 -30.433230 -0.000045 0.000059 1.000000 0.999600 0.028270 0.000043 -0.028270 0.999600 -0.000061 6558.dat
1 2 119.998700 -65.007540 -30.432020 -0.000059 -0.000045 1.000000 -0.028271 0.999600 0.000043 -0.999600 -0.028271 -0.000061 32523.dat
0 STEP
1 71 -120.001600 -45.013720 -30.993370 -0.000045 -1.000000 0.000059 0.999601 -0.000043 0.028270 -0.028270 0.000060 0.999600 48989.dat
1 71 119.997800 -45.015520 -30.997420 -0.000045 -1.000000 0.000059 0.999600 -0.000043 0.028271 -0.028270 0.000060 0.999600 48989.dat
1 15 -0.003370 -45.581820 -50.982300 0.000014 -0.000059 1.000000 -0.999601 -0.028271 0.000012 0.028270 -0.999601 -0.000060 32278.dat
0 STEP
1 71 0.000820 -44.995560 70.132340 -0.000003 0.000000 1.000000 1.000000 0.000000 0.000003 0.000000 1.000000 0.000000 32524.dat
1 0 60.000780 -44.997540 60.132360 0.000000 -0.000003 1.000000 0.000000 1.000000 0.000003 -1.000000 0.000000 0.000000 2780.dat
1 0 20.000790 -44.996940 60.132350 0.000000 -0.000003 1.000000 0.000000 1.000000 0.000003 -1.000000 0.000000 0.000000 2780.dat
1 0 -19.999200 -44.996360 60.132340 0.000000 -0.000003 1.000000 0.000000 1.000000 0.000003 -1.000000 0.000000 0.000000 2780.dat
1 0 -59.999180 -44.995760 60.132350 0.000000 -0.000003 1.000000 0.000000 1.000000 0.000003 -1.000000 0.000000 0.000000 2780.dat
0 STEP
0 NOFILE
