0 FILE MOTORBIKE_parts.io
0 Untitled Model
0 Name:  MOTORBIKE_parts
0 Author:  
0 CustomBrick
0 FlexibleBrickControlPointUnitLength -1
0 NumOfBricks:  265
1 16 1.678400 1.938510 -186.268000 1.000000 0.000000 0.000000 0.000000 1.000000 0.000000 0.000000 0.000000 1.000000 base
0 STEP
1 16 -0.333330 -70.234700 -520.000000 1.000000 0.000000 0.000000 0.000000 1.000000 0.000000 0.000000 0.000000 1.000000 rear_wheel
0 STEP
0 STEP
1 16 0.000430 9.005020 -1.589730 1.000000 0.000000 0.000000 0.000000 1.000000 0.000000 0.000000 0.000000 1.000000 front_fork
0 STEP
0 STEP
1 16 0.000000 109.765300 -0.000120 1.000000 0.000000 0.000000 0.000000 1.000000 0.000000 0.000000 0.000000 1.000000 front_wheel
0 STEP
1 0 -59.999700 -159.998400 -159.995600 -0.000009 -1.000006 -0.000008 1.000000 -0.000009 0.000003 -0.000002 -0.000008 0.999999 64781.dat
1 0 60.000200 -160.000000 -160.000000 0.000011 1.000000 -0.000006 -1.000000 0.000011 0.000002 0.000002 0.000006 1.000000 64781.dat
0 STEP
1 16 -0.002660 -295.003300 -210.568900 -1.000000 -0.000003 0.000038 -0.000002 1.000000 -0.000001 -0.000038 -0.000001 -1.000000 submodel ev3 core copy
0 STEP
1 16 84.073390 -247.933800 -145.292600 0.821136 -0.570733 -0.000035 0.570504 0.820808 -0.028269 0.016163 0.023193 0.999600 right_core_holder
1 16 -104.064100 -247.922600 -134.308900 1.000000 0.000000 0.000000 0.000000 1.000000 0.000000 0.000000 0.000000 1.000000 left_core_holder
0 STEP
0 NOFILE
0 FILE Base
0 Base
0 Name:  Base
0 Author:  
0 CustomBrick
0 FlexibleBrickControlPointUnitLength -1
0 NumOfBricks:  200
1 16 56.321320 -73.242560 -183.732300 1.000003 -0.000011 -0.000007 0.000011 1.000000 0.000002 0.000007 -0.000001 1.000004 submodel back wheel motor right
1 15 -1.676490 -191.933900 186.268200 -1.000000 0.000007 0.000011 -0.000011 -0.000001 -1.000000 -0.000007 -1.000000 0.000001 99455.dat
0 STEP
1 71 -1.674600 -161.934300 -33.734500 0.000007 -0.000011 1.000000 -0.000001 1.000000 0.000011 -1.000000 -0.000001 0.000007 40490.dat
1 1 58.325480 -171.933600 -33.734300 0.000011 1.000000 -0.000007 -1.000000 0.000011 0.000001 0.000001 0.000007 1.000000 43093.dat
1 72 58.325440 -181.933800 -13.730390 0.000011 -0.000007 -1.000000 -1.000000 0.000002 -0.000011 0.000001 0.999986 -0.000007 42003.dat
1 1 78.325480 -181.933600 -13.731200 -1.000000 -0.000011 0.000007 -0.000011 1.000000 -0.000001 -0.000007 -0.000001 -1.000000 6558.dat
1 1 78.325360 -181.933400 6.269210 -1.000000 -0.000011 0.000007 -0.000011 1.000000 -0.000001 -0.000007 -0.000001 -1.000000 6558.dat
1 0 -1.674690 -151.934500 -33.734800 -0.000011 0.000007 -1.000000 1.000000 -0.000001 -0.000011 -0.000001 -1.000000 -0.000007 2780.dat
0 STEP
1 72 -61.674890 -181.935000 -13.732190 -0.000011 -0.000007 1.000000 1.000000 0.000001 0.000011 -0.000001 1.000000 0.000007 42003.dat
1 1 -61.674600 -171.934900 -33.735090 0.000011 -1.000000 0.000007 -1.000000 -0.000011 -0.000001 0.000001 -0.000007 -1.000000 43093.dat
1 71 -1.674100 -181.934500 -133.732200 1.000003 -0.000011 -0.000007 0.000011 1.000000 0.000002 0.000007 -0.000001 1.000004 4519.dat
1 71 -1.674300 -181.934500 -93.731990 1.000003 -0.000011 -0.000007 0.000011 1.000000 0.000002 0.000007 -0.000001 1.000004 32073.dat
0 STEP
1 16 -71.678400 -143.938500 -103.732000 1.000003 -0.000011 -0.000007 0.000011 1.000000 0.000002 0.000007 -0.000001 1.000004 submodel back wheel motor right_mirrored
0 STEP
1 1 -81.674600 -181.935100 6.268110 1.000000 -0.000011 -0.000007 0.000011 1.000000 0.000001 0.000007 -0.000001 1.000000 6558.dat
1 1 -81.674380 -181.935200 -13.732190 1.000000 -0.000011 -0.000007 0.000011 1.000000 0.000001 0.000007 -0.000001 1.000000 6558.dat
0 STEP
1 71 -61.675200 -261.934700 146.268200 0.000007 -1.000000 -0.000011 -0.000001 -0.000011 1.000000 -1.000000 -0.000007 -0.000001 32526.dat
1 0 -71.675700 -181.934800 106.267900 1.000000 -0.000011 -0.000007 0.000011 1.000000 0.000001 0.000007 -0.000001 1.000000 2780.dat
1 0 68.324080 -181.933300 126.268900 1.000000 -0.000011 -0.000007 0.000011 1.000000 0.000001 0.000007 -0.000001 1.000000 2780.dat
1 0 -71.675900 -181.934800 126.267900 1.000000 -0.000011 -0.000007 0.000011 1.000000 0.000001 0.000007 -0.000001 1.000000 2780.dat
1 0 68.324200 -181.933400 106.268800 1.000000 -0.000011 -0.000007 0.000011 1.000000 0.000001 0.000007 -0.000001 1.000000 2780.dat
1 71 58.324760 -261.933300 146.268900 0.000007 -1.000000 -0.000011 -0.000001 -0.000011 1.000000 -1.000000 -0.000007 -0.000001 32526.dat
0 STEP
1 0 -51.676000 -181.934700 146.268000 1.000000 -0.000011 -0.000007 0.000011 1.000000 0.000001 0.000007 -0.000001 1.000000 2780.dat
1 0 -51.675400 -241.934600 146.268100 1.000000 -0.000011 -0.000007 0.000011 1.000000 0.000001 0.000007 -0.000001 1.000000 2780.dat
1 0 48.323920 -181.933500 146.268700 1.000000 -0.000011 -0.000007 0.000011 1.000000 0.000001 0.000007 -0.000001 1.000000 2780.dat
1 0 48.324520 -241.933600 146.268800 1.000000 -0.000011 -0.000007 0.000011 1.000000 0.000001 0.000007 -0.000001 1.000000 2780.dat
1 71 -41.675590 -221.934400 146.268200 0.000007 -1.000000 -0.000011 -0.000001 -0.000011 1.000000 -1.000000 -0.000007 -0.000001 32316.dat
1 71 38.324300 -221.933700 146.268800 0.000007 -1.000000 -0.000011 -0.000001 -0.000011 1.000000 -1.000000 -0.000007 -0.000001 32316.dat
0 STEP
1 72 58.325240 -181.933600 66.269290 -0.000011 0.000007 -1.000000 1.000000 -0.000001 -0.000011 -0.000001 -1.000000 -0.000007 42003.dat
1 1 78.325080 -181.933300 46.269500 -1.000000 -0.000011 0.000007 -0.000011 1.000000 -0.000001 -0.000007 -0.000001 -1.000000 6558.dat
1 1 78.324920 -181.933400 66.269290 -1.000000 -0.000011 0.000007 -0.000011 1.000000 -0.000001 -0.000007 -0.000001 -1.000000 6558.dat
1 72 -61.675500 -181.934800 66.268200 0.000011 0.000007 1.000000 -1.000000 -0.000001 0.000011 0.000001 -1.000000 0.000007 42003.dat
1 1 -81.674800 -181.935100 46.268400 1.000000 0.000011 0.000007 0.000011 -1.000000 -0.000001 0.000007 0.000001 -1.000000 6558.dat
1 1 -81.675000 -181.935000 66.268510 1.000000 0.000011 0.000007 0.000011 -1.000000 -0.000001 0.000007 0.000001 -1.000000 6558.dat
0 STEP
1 0 -31.675300 -261.934300 146.268500 1.000000 -0.000011 -0.000007 0.000011 1.000001 0.000002 0.000007 -0.000002 1.000001 2780.dat
1 0 -31.675590 -221.934300 146.268200 1.000000 -0.000011 -0.000007 0.000011 1.000001 0.000002 0.000007 -0.000002 1.000001 2780.dat
1 0 28.324610 -261.933700 146.268800 1.000000 -0.000011 -0.000007 0.000011 1.000001 0.000002 0.000007 -0.000002 1.000001 2780.dat
1 0 28.324300 -221.933600 146.268700 1.000000 -0.000011 -0.000007 0.000011 1.000001 0.000002 0.000007 -0.000002 1.000001 2780.dat
0 STEP
1 1 -61.675790 -171.934700 86.268190 0.000011 1.000000 -0.000007 -1.000000 0.000011 0.000001 0.000001 0.000007 1.000000 43093.dat
1 1 58.325020 -171.933500 86.269110 0.000011 1.000000 -0.000007 -1.000000 0.000011 0.000001 0.000001 0.000007 1.000000 43093.dat
1 71 -1.675900 -161.934200 86.268550 -0.000007 -0.000011 -1.000000 0.000001 1.000000 -0.000011 1.000000 -0.000001 -0.000007 40490.dat
1 0 -1.676000 -151.934200 86.268510 0.000011 1.000000 -0.000007 -1.000000 0.000011 0.000001 0.000001 0.000007 1.000000 2780.dat
1 71 -1.675900 -141.934300 66.268810 1.000000 -0.000011 -0.000007 0.000011 1.000000 0.000001 0.000007 -0.000001 1.000000 41239.dat
0 STEP
1 1 -1.675700 -151.934300 46.268800 0.000011 1.000000 -0.000007 -1.000000 0.000011 0.000001 0.000001 0.000007 1.000000 43093.dat
1 71 -1.675500 -161.934300 46.268710 0.000011 -0.000007 -1.000000 -1.000000 0.000001 -0.000011 0.000001 1.000000 -0.000007 6536.dat
1 1 -1.675790 -161.934200 66.268900 1.000000 -0.000011 -0.000007 0.000011 1.000000 0.000001 0.000007 -0.000001 1.000000 6558.dat
0 STEP
1 0 98.325000 -81.933420 -63.730900 -0.000007 -0.000011 -1.000000 0.000001 1.000000 -0.000011 1.000000 -0.000001 -0.000007 2780.dat
1 0 78.324960 -81.933720 -63.731200 -0.000007 -0.000011 -1.000000 0.000001 1.000000 -0.000011 1.000000 -0.000001 -0.000007 2780.dat
1 0 -101.675700 -81.935520 -63.732300 -0.000007 -0.000011 -1.000000 0.000001 1.000000 -0.000011 1.000000 -0.000001 -0.000007 2780.dat
1 0 -81.675700 -81.935200 -63.732300 -0.000007 -0.000011 -1.000000 0.000001 1.000000 -0.000011 1.000000 -0.000001 -0.000007 2780.dat
1 71 -1.675790 -81.934420 -53.731800 -0.000011 -0.000007 1.000000 1.000000 0.000001 0.000011 -0.000001 1.000000 0.000007 32525.dat
0 STEP
1 0 58.323660 -41.933720 -33.728590 1.000000 -0.000007 0.000011 0.000011 0.000001 -1.000000 0.000007 1.000000 0.000001 60484.dat
1 0 58.324120 -81.933810 -43.730500 -0.000007 -0.000011 -1.000000 0.000001 1.000000 -0.000011 1.000000 -0.000001 -0.000007 2780.dat
1 0 38.324100 -81.933910 -43.730790 -0.000007 -0.000011 -1.000000 0.000001 1.000000 -0.000011 1.000000 -0.000001 -0.000007 2780.dat
1 0 -41.676000 -81.934810 -43.731490 -0.000007 -0.000011 -1.000000 0.000001 1.000000 -0.000011 1.000000 -0.000001 -0.000007 2780.dat
1 0 -61.676000 -81.935020 -43.731200 -0.000007 -0.000011 -1.000000 0.000001 1.000000 -0.000011 1.000000 -0.000001 -0.000007 2780.dat
1 0 -61.676500 -41.935020 -33.729600 1.000000 -0.000007 0.000011 0.000011 0.000001 -1.000000 0.000007 1.000000 0.000001 60484.dat
0 STEP
1 71 -21.676200 -105.919500 44.766710 -0.000009 -1.000000 0.000008 0.358369 -0.000010 -0.933580 0.933581 -0.000006 0.358369 32524.dat
1 15 -1.676400 -68.576220 30.432010 1.000000 -0.000009 0.000008 0.000010 0.358369 -0.933580 0.000006 0.933581 0.358369 95650.dat
1 1 -21.676600 -49.904820 23.264600 1.000000 -0.000008 -0.000009 0.000010 0.933580 0.358368 0.000006 -0.358368 0.933580 6558.dat
1 1 -1.676290 -87.247890 37.599300 1.000000 -0.000008 -0.000009 0.000010 0.933580 0.358369 0.000006 -0.358369 0.933581 6558.dat
1 71 -1.676100 -68.576220 30.432100 1.000000 -0.000010 0.000008 0.000011 0.358371 -0.933579 0.000007 0.933579 0.358371 4519.dat
0 STEP
1 71 18.324000 -105.919300 44.766910 -0.000009 -1.000000 0.000008 0.358369 -0.000010 -0.933580 0.933581 -0.000006 0.358369 32524.dat
1 0 28.323600 -49.904310 23.264910 1.000000 -0.000011 -0.000007 0.000011 1.000000 0.000001 0.000007 -0.000001 1.000000 2780.dat
0 STEP
1 4 38.323710 -41.929220 4.923710 -0.000012 -1.000000 -0.000002 0.917061 -0.000011 -0.398747 0.398747 -0.000007 0.917061 32523.dat
1 4 -41.676490 -41.930120 4.923400 0.000012 1.000000 -0.000002 -0.917061 0.000011 -0.398747 -0.398747 0.000007 0.917061 32523.dat
0 STEP
1 1 48.323540 -41.934010 6.271410 0.999996 -0.000010 -0.000005 0.000009 1.000000 -0.000003 0.000005 0.000003 1.000000 43093.dat
1 0 58.323180 -41.933810 -13.729290 -0.999996 -0.000010 0.000005 -0.000009 1.000000 0.000003 -0.000005 0.000003 -1.000000 32039.dat
1 1 58.323660 -41.933810 -23.728590 -0.000005 0.000010 1.000000 -0.000003 -1.000000 0.000009 1.000000 -0.000003 0.000005 43093.dat
1 0 -61.676300 -41.936310 -13.732190 -0.999996 -0.000011 0.000009 -0.000011 1.000004 0.000000 -0.000009 0.000004 -1.000000 32039.dat
1 1 -51.675900 -41.934120 6.269300 -1.000000 -0.000012 0.000009 -0.000012 1.000000 0.000004 -0.000009 0.000000 -0.999997 43093.dat
1 1 -61.676600 -41.935110 -23.729300 -0.000009 0.000011 1.000000 0.000000 -1.000000 0.000011 1.000000 0.000000 0.000009 43093.dat
0 STEP
1 16 -45.898200 -72.934710 26.268200 1.000000 -0.000011 -0.000007 0.000011 1.000000 0.000001 0.000007 -0.000001 1.000000 submodel rackbox left
0 STEP
1 16 68.324660 -131.933600 26.269100 1.000000 -0.000011 -0.000007 0.000011 1.000000 0.000001 0.000007 -0.000001 1.000000 submodel rackbox right
0 STEP
1 71 -1.675590 -181.934100 86.267610 0.000024 -0.000010 -1.000000 0.000002 1.000000 -0.000010 1.000000 -0.000002 0.000024 32316.dat
1 0 38.324200 -171.933700 86.268840 -0.000010 0.000024 1.000000 1.000000 0.000002 0.000010 -0.000002 1.000000 -0.000024 2780.dat
1 0 -41.675790 -171.934500 86.268510 -0.000010 0.000024 1.000000 1.000000 0.000002 0.000010 -0.000002 1.000000 -0.000024 2780.dat
0 STEP
1 71 -1.675390 -201.934100 86.267400 -0.000023 1.000000 0.000012 -0.000001 0.000011 -1.000000 -1.000000 -0.000023 0.000001 48989.dat
1 1 -21.676000 -201.934400 66.268000 -0.000023 -0.000011 1.000001 -0.000002 1.000000 0.000011 -1.000001 -0.000001 -0.000022 6558.dat
1 1 18.324100 -201.934000 66.267100 -0.000023 -0.000011 1.000001 -0.000002 1.000000 0.000011 -1.000001 -0.000001 -0.000022 6558.dat
1 15 -1.675900 -201.934100 66.267610 0.000011 0.000023 -1.000001 -1.000000 0.000002 -0.000011 0.000001 1.000001 0.000022 32523.dat
0 STEP
1 1 48.326240 -181.933900 -113.730700 1.000003 -0.000011 0.000025 0.000010 1.000000 0.000001 -0.000025 -0.000001 1.000003 43093.dat
1 71 38.327100 -261.933300 -113.728600 0.000025 1.000003 -0.000011 0.000011 0.000010 0.999997 1.000002 -0.000025 -0.000011 40490.dat
1 71 -41.673500 -261.934300 -113.732200 -0.000025 -1.000003 -0.000011 -0.000012 -0.000010 1.000000 -1.000002 0.000025 -0.000012 40490.dat
1 1 -51.674200 -181.934900 -113.733000 -1.000003 -0.000011 -0.000025 -0.000010 1.000000 -0.000002 0.000025 -0.000001 -1.000004 43093.dat
0 STEP
1 0 18.325700 -171.934100 -33.734300 0.000011 1.000004 -0.000007 -1.000007 0.000011 0.000002 0.000002 0.000007 1.000001 2780.dat
1 0 -21.674600 -171.934500 -33.734800 0.000011 1.000004 -0.000007 -1.000004 0.000011 0.000001 0.000002 0.000007 1.000000 2780.dat
1 71 -1.673900 -181.934100 -33.734500 0.000007 -0.000011 1.000000 -0.000002 1.000000 0.000011 -1.000001 -0.000001 0.000007 32316.dat
1 1 38.326100 -191.933900 -33.734300 0.000011 1.000004 -0.000007 -1.000004 0.000011 0.000001 0.000002 0.000007 1.000000 43093.dat
1 1 -41.674400 -191.934700 -33.734900 0.000011 1.000004 -0.000007 -1.000004 0.000011 0.000001 0.000002 0.000007 1.000000 43093.dat
0 STEP
1 0 68.325860 -181.933400 -73.731510 1.000000 -0.000012 -0.000003 0.000011 0.929662 -0.368423 0.000007 0.368422 0.929659 2780.dat
1 0 68.325780 -181.933600 -53.731600 1.000000 -0.000012 -0.000003 0.000011 0.929662 -0.368423 0.000007 0.368422 0.929659 2780.dat
1 71 58.326400 -241.933900 -73.727780 -0.000007 1.000000 -0.000011 0.000004 0.000011 0.999999 1.000003 0.000007 -0.000006 32140.dat
1 71 -61.673600 -241.935300 -73.731110 -0.000007 1.000000 -0.000011 0.000005 0.000011 1.000000 1.000000 0.000007 -0.000005 32140.dat
1 0 -71.674600 -181.935200 -53.732300 1.000000 -0.000012 -0.000003 0.000011 0.929661 -0.368424 0.000007 0.368423 0.929657 2780.dat
1 0 -71.674380 -181.935100 -73.732400 1.000000 -0.000012 -0.000003 0.000011 0.929661 -0.368424 0.000007 0.368423 0.929657 2780.dat
0 STEP
1 16 -1.801690 -169.541800 28.518510 -1.000000 -0.000011 0.000036 -0.000010 1.000000 -0.000001 -0.000036 -0.000001 -1.000000 submodel rack gears copy
0 STEP
1 71 -21.675300 -221.934400 106.267900 1.000000 0.000006 -0.000010 0.000010 -0.000001 1.000000 0.000006 -1.000000 -0.000001 6536.dat
1 71 18.324500 -221.934000 106.268800 1.000000 0.000007 -0.000010 0.000010 -0.000001 1.000000 0.000006 -1.000000 -0.000001 6536.dat
1 1 -31.675700 -221.934500 106.268500 1.000000 -0.000011 -0.000007 0.000011 1.000000 0.000001 0.000007 -0.000001 1.000000 43093.dat
1 1 28.324500 -221.933900 106.268800 -1.000000 -0.000011 0.000007 -0.000011 1.000000 -0.000001 -0.000007 -0.000001 -1.000000 43093.dat
0 STEP
1 71 -81.677300 -241.937000 26.262400 -1.000000 -0.000023 0.000011 -0.000010 -0.000002 -1.000001 0.000023 -1.000007 -0.000001 32316.dat
1 1 -81.678200 -201.935100 26.266010 0.000023 -0.000011 -1.000000 0.000002 1.000000 -0.000010 1.000001 -0.000001 0.000023 6558.dat
1 1 78.321750 -201.933400 26.257310 0.000023 -0.000011 -1.000000 0.000002 1.000000 -0.000010 1.000001 -0.000002 0.000023 6558.dat
1 71 78.322180 -241.933400 26.257200 -1.000002 -0.000023 0.000011 -0.000010 -0.000003 -1.000000 0.000023 -0.999998 0.000001 32316.dat
0 STEP
1 16 -1.674300 -191.934400 -29.235990 -1.000000 -0.000011 -0.000025 -0.000010 1.000000 -0.000002 0.000025 -0.000002 -1.000000 submodel rack moving motor copy
0 STEP
1 71 -1.599100 -201.934600 -73.728400 1.000000 -0.000011 -0.000007 0.000011 1.000000 0.000001 0.000007 -0.000001 1.000000 44294.dat
0 STEP
0 STEP
1 71 -21.672200 -341.934100 -113.729600 -0.000007 -1.000000 0.000012 0.000001 -0.000012 -1.000000 1.000000 -0.000006 0.000001 32524.dat
1 0 28.327500 -301.933300 -113.728600 -1.000000 -0.000009 0.000010 -0.000012 0.929660 -0.368422 -0.000006 -0.368422 -0.929660 2780.dat
1 0 28.327200 -281.933400 -113.728400 -1.000000 -0.000009 0.000010 -0.000012 0.929660 -0.368422 -0.000006 -0.368422 -0.929660 2780.dat
1 0 -31.672700 -301.934300 -113.729600 -1.000000 -0.000009 0.000010 -0.000012 0.929660 -0.368422 -0.000006 -0.368422 -0.929660 2780.dat
1 0 -31.672100 -281.934300 -113.728600 -1.000000 -0.000009 0.000010 -0.000012 0.929660 -0.368422 -0.000006 -0.368422 -0.929660 2780.dat
1 71 18.327800 -341.933500 -113.728600 -0.000007 -1.000000 0.000012 0.000001 -0.000012 -1.000000 1.000000 -0.000006 0.000001 32524.dat
0 STEP
1 71 -1.671900 -361.933600 -113.729700 -0.000038 -0.000011 -1.000000 0.000001 1.000000 -0.000010 1.000000 -0.000001 -0.000038 48989.dat
1 0 -1.672600 -341.934200 -103.730400 0.000038 -0.000011 1.000002 -0.000001 1.000000 0.000010 -1.000003 -0.000002 0.000038 2780.dat
0 STEP
1 15 38.325700 -261.933500 26.269100 -0.000011 -1.000000 -0.000007 1.000001 -0.000011 0.000002 -0.000002 -0.000007 1.000001 32526.dat
1 15 -41.674600 -261.934700 26.268510 -0.000011 -1.000000 -0.000007 1.000000 -0.000011 0.000001 -0.000001 -0.000007 1.000000 32526.dat
1 0 28.325300 -261.933700 26.269100 -1.000000 -0.000008 0.000010 -0.000011 0.929658 -0.368424 -0.000007 -0.368424 -0.929658 2780.dat
1 0 28.325200 -261.933700 46.269100 -1.000000 -0.000008 0.000010 -0.000011 0.929658 -0.368424 -0.000007 -0.368424 -0.929658 2780.dat
1 0 -31.674800 -261.934600 46.268510 -1.000000 -0.000008 0.000010 -0.000011 0.929658 -0.368424 -0.000007 -0.368424 -0.929658 2780.dat
1 0 -31.674600 -261.934500 26.268800 -1.000000 -0.000008 0.000010 -0.000011 0.929658 -0.368424 -0.000007 -0.368424 -0.929658 2780.dat
0 STEP
1 15 -21.673900 -341.934500 46.268510 0.000007 -1.000004 -0.000011 -0.000001 -0.000011 1.000000 -1.000005 -0.000007 -0.000001 32526.dat
1 15 18.325800 -341.934700 46.272700 0.000007 -1.000004 -0.000011 -0.000002 -0.000011 0.999998 -1.000004 -0.000007 -0.000003 32526.dat
1 71 -1.674690 -321.935100 46.276810 0.000007 -0.000011 1.000000 -0.000011 0.999997 0.000011 -1.000003 -0.000012 0.000007 48989.dat
1 0 -1.674890 -341.935300 36.272510 -0.000007 -0.000011 -1.000004 0.000011 0.999997 -0.000011 1.000008 -0.000012 -0.000007 2780.dat
0 STEP
0 NOFILE
0 FILE SubModel Back wheel motor right
0 SubModel Back wheel motor right
0 Name:  SubModel Back wheel motor right
0 Author:  
0 CustomBrick
0 FlexibleBrickControlPointUnitLength -1
0 NumOfBricks:  8
1 15 21.999950 -109.000000 169.999900 0.000000 -1.000000 0.000000 1.000000 0.000000 0.000000 0.000000 0.000000 1.000000 32278.dat
1 15 22.000130 -109.000000 -89.999530 1.000000 0.000000 0.000000 0.000000 -1.000000 0.000000 0.000000 0.000000 -1.000000 95658.dat
1 4 1.999940 -109.000000 89.999840 1.000000 0.000000 0.000000 0.000000 1.000000 0.000000 0.000000 0.000000 1.000000 32054.dat
1 4 41.999960 -109.000000 49.999840 -1.000000 0.000000 0.000000 0.000000 1.000000 0.000000 0.000000 0.000000 -1.000000 32054.dat
0 STEP
1 71 -18.000060 -109.000000 -50.000180 0.000000 -1.000000 0.000000 1.000000 0.000000 0.000000 0.000000 0.000000 1.000000 32525.dat
1 4 -18.000060 -109.000000 49.999820 1.000000 0.000000 0.000000 0.000000 1.000000 0.000000 0.000000 0.000000 1.000000 32054.dat
1 72 -7.000060 -109.000000 -90.000200 -1.000000 0.000000 0.000000 0.000000 1.000000 0.000000 0.000000 0.000000 -1.000000 87083.dat
1 72 -36.999820 -109.000000 -89.999500 0.000000 0.000000 0.999994 0.000000 1.000000 0.000000 -0.999994 0.000000 0.000000 3648b.dat
0 STEP
0 NOFILE
0 FILE SubModel Back wheel motor right_Mirrored
0 SubModel Back wheel motor right_Mirrored
0 Name:  SubModel Back wheel motor right_Mirrored
0 Author:  
0 CustomBrick
0 FlexibleBrickControlPointUnitLength -1
0 NumOfBricks:  8
1 15 -9.999920 -38.303730 90.000030 0.000000 1.000000 0.000000 -1.000000 0.000000 0.000000 0.000000 0.000000 1.000000 32278.dat
1 15 -10.000090 -38.303730 -169.999400 1.000000 0.000000 0.000000 0.000000 -1.000000 0.000000 0.000000 0.000000 -1.000000 95658.dat
1 4 10.000090 -38.303740 10.000010 -1.000000 0.000000 0.000000 0.000000 1.000000 0.000000 0.000000 0.000000 -1.000000 32054.dat
1 4 -29.999920 -38.303740 -29.999990 1.000000 0.000000 0.000000 0.000000 1.000000 0.000000 0.000000 0.000000 1.000000 32054.dat
0 STEP
1 71 30.000090 -38.303760 -130.000000 0.000000 1.000000 0.000000 -1.000000 0.000000 0.000000 0.000000 0.000000 1.000000 32525.dat
1 4 30.000090 -38.303740 -30.000020 -1.000000 0.000000 0.000000 0.000000 1.000000 0.000000 0.000000 0.000000 -1.000000 32054.dat
1 72 19.000090 -38.303750 -170.000000 1.000000 0.000000 0.000000 0.000000 1.000000 0.000000 0.000000 0.000000 1.000000 87083.dat
1 72 48.999850 -38.303760 -169.999300 0.000000 0.000000 -1.000000 0.000000 1.000000 0.000000 1.000000 0.000000 0.000000 3648b.dat
0 STEP
0 NOFILE
0 FILE SubModel rackbox left
0 SubModel rackbox left
0 Name:  SubModel rackbox left
0 Author:  
0 CustomBrick
0 FlexibleBrickControlPointUnitLength -1
0 NumOfBricks:  18
1 71 -35.777770 -49.000020 -20.000000 0.000000 0.000000 -1.000000 0.000000 1.000000 0.000000 1.000000 0.000000 0.000000 48989.dat
1 71 -55.777770 -29.000020 -19.999990 0.000000 1.000000 0.000000 0.000000 0.000000 -1.000000 -1.000000 0.000000 0.000000 32526.dat
1 1 -35.777800 -69.000020 -0.000010 0.000000 0.000000 -1.000000 0.000000 1.000000 0.000000 1.000000 0.000000 0.000000 6558.dat
1 1 -35.777800 -29.000020 -0.000010 0.000000 0.000000 -1.000000 0.000000 1.000000 0.000000 1.000000 0.000000 0.000000 6558.dat
0 STEP
1 71 -35.777800 -49.000020 -0.000010 1.000000 0.000000 0.000000 0.000000 0.000000 1.000000 0.000000 -1.000000 0.000000 32316.dat
0 STEP
1 71 -35.777800 -49.000020 20.000000 0.000000 0.000000 -1.000000 0.000000 1.000000 0.000000 1.000000 0.000000 0.000000 48989.dat
1 71 -55.777770 -29.000000 20.000010 0.000000 -1.000000 0.000000 0.000000 0.000000 -1.000000 1.000000 0.000000 0.000000 32526.dat
0 STEP
1 71 -15.777800 -49.000020 20.000020 0.000000 -1.000000 0.000000 0.000000 0.000000 -1.000000 1.000000 0.000000 0.000000 32316.dat
1 71 -15.777770 -49.000020 -20.000020 0.000000 -1.000000 0.000000 0.000000 0.000000 -1.000000 1.000000 0.000000 0.000000 32316.dat
0 STEP
1 0 4.222200 -69.000020 20.000020 1.000000 0.000000 0.000000 0.000000 1.000000 0.000000 0.000000 0.000000 1.000000 32184.dat
1 1 -5.777790 -89.000010 20.000010 1.000000 0.000000 0.000000 0.000000 1.000000 0.000000 0.000000 0.000000 1.000000 43093.dat
1 1 -5.777790 -49.000020 20.000010 1.000000 0.000000 0.000000 0.000000 1.000000 0.000000 0.000000 0.000000 1.000000 43093.dat
0 STEP
1 71 4.222180 -49.000000 0.000030 1.000000 0.000000 0.000000 0.000000 0.000000 1.000000 0.000000 -1.000000 0.000000 32316.dat
1 0 4.222230 -29.000020 -20.000020 1.000000 0.000000 0.000000 0.000000 1.000000 0.000000 0.000000 0.000000 1.000000 32184.dat
1 1 -5.777770 -49.000020 -20.000020 1.000000 0.000000 0.000000 0.000000 1.000000 0.000000 0.000000 0.000000 1.000000 43093.dat
1 1 -5.777770 -9.000020 -20.000020 1.000000 0.000000 0.000000 0.000000 1.000000 0.000000 0.000000 0.000000 1.000000 43093.dat
1 0 4.222210 -29.000020 -10.000020 0.000000 0.000000 -1.000000 0.000000 1.000000 0.000000 1.000000 0.000000 0.000000 2780.dat
1 0 4.222180 -69.000020 10.000030 0.000000 0.000000 1.000000 0.000000 1.000000 0.000000 -1.000000 0.000000 0.000000 2780.dat
0 STEP
0 NOFILE
0 FILE SubModel rackbox right
0 SubModel rackbox right
0 Name:  SubModel rackbox right
0 Author:  
0 CustomBrick
0 FlexibleBrickControlPointUnitLength -1
0 NumOfBricks:  18
1 71 9.999980 10.000000 -20.000000 0.000000 0.000000 1.000000 0.000000 1.000000 0.000000 -1.000000 0.000000 0.000000 48989.dat
1 71 29.999980 29.999980 -20.000000 0.000000 1.000000 0.000000 0.000000 0.000000 -1.000000 -1.000000 0.000000 0.000000 32526.dat
1 1 10.000020 -10.000000 -0.000010 0.000000 0.000000 -1.000000 0.000000 1.000000 0.000000 1.000000 0.000000 0.000000 6558.dat
1 1 10.000020 30.000000 -0.000010 0.000000 0.000000 -1.000000 0.000000 1.000000 0.000000 1.000000 0.000000 0.000000 6558.dat
0 STEP
1 71 10.000020 10.000000 -0.000020 1.000000 0.000000 0.000000 0.000000 0.000000 1.000000 0.000000 -1.000000 0.000000 32316.dat
0 STEP
1 71 10.000020 10.000000 20.000000 0.000000 0.000000 1.000000 0.000000 1.000000 0.000000 -1.000000 0.000000 0.000000 48989.dat
1 71 29.999980 30.000020 20.000020 0.000000 -1.000000 0.000000 0.000000 0.000000 -1.000000 1.000000 0.000000 0.000000 32526.dat
0 STEP
1 71 -9.999980 10.000000 20.000020 0.000000 1.000000 0.000000 0.000000 0.000000 -1.000000 -1.000000 0.000000 0.000000 32316.dat
1 71 -10.000020 10.000000 -20.000020 0.000000 1.000000 0.000000 0.000000 0.000000 -1.000000 -1.000000 0.000000 0.000000 32316.dat
0 STEP
1 0 -29.999980 -10.000000 20.000020 1.000000 0.000000 0.000000 0.000000 1.000000 0.000000 0.000000 0.000000 1.000000 32184.dat
1 1 -20.000000 -29.999990 20.000010 -1.000000 0.000000 0.000000 0.000000 1.000000 0.000000 0.000000 0.000000 -1.000000 43093.dat
1 1 -20.000000 10.000000 20.000010 -1.000000 0.000000 0.000000 0.000000 1.000000 0.000000 0.000000 0.000000 -1.000000 43093.dat
0 STEP
1 0 -30.000020 30.000000 -20.000020 1.000000 0.000000 0.000000 0.000000 1.000000 0.000000 0.000000 0.000000 1.000000 32184.dat
1 1 -20.000020 10.000000 -20.000020 -1.000000 0.000000 0.000000 0.000000 1.000000 0.000000 0.000000 0.000000 -1.000000 43093.dat
1 1 -20.000020 50.000000 -20.000020 -1.000000 0.000000 0.000000 0.000000 1.000000 0.000000 0.000000 0.000000 -1.000000 43093.dat
1 0 -30.000000 30.000000 -10.000020 0.000000 0.000000 1.000000 0.000000 1.000000 0.000000 -1.000000 0.000000 0.000000 2780.dat
1 0 -29.999970 -10.000000 10.000030 0.000000 0.000000 -1.000000 0.000000 1.000000 0.000000 1.000000 0.000000 0.000000 2780.dat
1 71 -29.999970 10.000020 0.000030 1.000000 0.000000 0.000000 0.000000 0.000000 1.000000 0.000000 -1.000000 0.000000 32316.dat
0 STEP
0 NOFILE
0 FILE SubModel rack gears Copy
0 SubModel rack gears Copy
0 Name:  SubModel rack gears Copy
0 Author:  
0 CustomBrick
0 FlexibleBrickControlPointUnitLength -1
0 NumOfBricks:  8
1 71 -0.125000 -32.392500 -17.750000 0.000000 0.000000 -1.000000 1.000000 0.000000 0.000000 0.000000 -1.000000 0.000000 40490.dat
1 72 -0.124990 -32.392500 12.249980 0.000000 0.000000 1.000000 0.000000 1.000000 0.000000 -1.000000 0.000000 0.000000 87083.dat
1 19 39.875000 -32.392510 -7.750000 0.000000 0.000000 -1.000000 0.000000 1.000000 0.000000 1.000000 0.000000 0.000000 3749.dat
1 19 -40.125000 -32.392500 -7.750000 0.000000 -0.000001 -1.000000 0.000000 1.000000 -0.000001 1.000000 0.000000 0.000000 3749.dat
0 STEP
1 0 39.874910 -32.392410 2.250040 0.999999 0.000001 0.000001 0.000001 1.000001 0.000000 -0.000001 0.000000 1.000000 32270.dat
1 0 -40.125000 -32.392500 2.250000 1.000000 -0.000001 0.000000 0.000001 1.000000 0.000000 0.000000 0.000000 1.000000 32270.dat
1 0 0.870170 -32.461850 2.249980 0.990341 0.138655 0.000000 -0.138655 0.990341 0.000000 0.000000 0.000000 1.000000 32269.dat
1 72 -0.120450 -32.323160 21.009980 -0.990341 0.138656 -0.000028 0.138656 0.990341 0.000004 0.000029 0.000000 -1.000000 3648b.dat
0 STEP
0 NOFILE
0 FILE SubModel rack moving motor Copy
0 SubModel rack moving motor Copy
0 Name:  SubModel rack moving motor Copy
0 Author:  
0 CustomBrick
0 FlexibleBrickControlPointUnitLength -1
0 NumOfBricks:  22
1 15 -0.000030 -50.000020 -25.500000 1.000000 0.000000 0.000000 0.000000 1.000000 0.000000 0.000000 0.000000 1.000000 99455.dat
1 1 -30.000030 -10.000010 24.500000 1.000000 0.000000 0.000000 0.000000 1.000000 0.000000 0.000000 0.000000 1.000000 43093.dat
1 1 29.999970 -10.000010 24.499980 -1.000000 0.000000 0.000000 0.000000 1.000000 0.000000 0.000000 0.000000 -1.000000 43093.dat
0 STEP
1 72 39.999970 -10.000010 24.499980 0.000000 0.000000 1.000000 1.000000 0.000000 0.000000 0.000000 1.000000 0.000000 42003.dat
1 72 -40.000030 -10.000010 24.500000 0.000000 0.000000 1.000000 1.000000 0.000000 0.000000 0.000000 1.000000 0.000000 42003.dat
0 STEP
1 4 -0.000030 -50.000020 -25.500000 0.000000 0.245646 -0.969359 0.000000 0.969359 0.245646 1.000000 0.000000 0.000000 32062.dat
1 72 -0.000030 -50.000020 -35.500000 1.000000 0.000001 0.000000 -0.000001 1.000000 0.000000 0.000000 0.000000 1.000000 10928.dat
0 STEP
1 71 -40.000040 -10.000020 -15.499990 0.000000 1.000000 0.000000 0.000000 0.000000 -1.000000 -1.000000 0.000000 0.000000 32140.dat
1 0 -30.000030 -70.000010 -15.500000 1.000000 0.000000 0.000000 0.000000 1.000000 0.000000 0.000000 0.000000 1.000000 2780.dat
1 0 -30.000030 -30.000010 -15.500000 1.000000 0.000000 0.000000 0.000000 1.000000 0.000000 0.000000 0.000000 1.000000 2780.dat
0 STEP
1 71 39.999940 -10.000030 -15.500000 0.000000 1.000000 0.000000 0.000000 0.000000 -1.000000 -1.000000 0.000000 0.000000 32140.dat
1 0 29.999970 -70.000010 -15.500000 1.000000 0.000000 0.000000 0.000000 1.000000 0.000000 0.000000 0.000000 1.000000 2780.dat
1 0 29.999940 -30.000030 -15.500000 1.000000 0.000000 0.000000 0.000000 1.000000 0.000000 0.000000 0.000000 1.000000 2780.dat
1 0 0.000000 -10.000000 -15.499980 0.000000 0.000000 1.000000 0.000000 1.000000 0.000000 -1.000000 0.000000 0.000000 32034.dat
1 0 -40.000030 -10.000000 -15.499990 1.000000 0.000000 0.000000 0.000000 1.000000 0.000000 0.000000 0.000000 1.000000 18651.dat
1 0 40.000180 -9.999889 -15.499980 -1.000000 0.000000 0.000000 0.000000 1.000000 0.000000 0.000000 0.000000 -1.000000 18651.dat
1 1 -40.000030 -70.000020 -35.500000 1.000000 0.000000 0.000000 0.000000 0.929659 -0.368421 0.000000 0.368421 0.929659 6558.dat
0 STEP
1 71 -60.000030 -89.999980 -35.499990 0.000000 1.000000 0.000000 0.000000 0.000000 1.000000 1.000000 0.000000 0.000000 32526.dat
1 71 60.000180 -89.999900 -35.499980 0.000000 1.000000 0.000000 0.000000 0.000000 1.000000 1.000000 0.000000 0.000000 32526.dat
1 1 40.000330 -69.999940 -35.500140 -1.000000 0.000000 0.000000 0.000000 0.929659 0.368421 0.000000 0.368422 -0.929664 6558.dat
0 STEP
1 71 80.000180 -29.999900 -35.499980 0.000000 0.000000 1.000000 0.000000 1.000000 0.000000 -1.000000 0.000000 0.000000 48989.dat
1 71 -80.000040 -29.999990 -35.499980 0.000000 0.000000 1.000000 0.000000 1.000000 0.000000 -1.000000 0.000000 0.000000 48989.dat
0 STEP
0 NOFILE
0 FILE Rear_wheel
0 Rear_wheel
0 Name:  Rear_wheel
0 Author:  
0 CustomBrick
0 FlexibleBrickControlPointUnitLength -1
0 NumOfBricks:  6
1 71 0.333330 -109.765300 0.000000 1.000003 -0.000011 -0.000007 0.000011 1.000000 0.000002 0.000007 -0.000001 1.000004 44294.dat
1 72 22.333340 -109.765300 0.000000 0.000008 -0.000010 1.000002 -0.087158 0.996195 0.000011 -0.996197 -0.087158 0.000007 3648b.dat
1 72 -21.666670 -109.765300 0.000000 0.000008 -0.000009 1.000003 -0.123605 0.992332 0.000011 -0.992334 -0.123605 0.000007 3648b.dat
1 71 58.333340 -109.765300 0.000000 -0.000007 -0.000011 -1.000003 0.000002 1.000000 -0.000011 1.000004 -0.000001 -0.000007 3713.dat
1 71 -59.666680 -109.765300 0.000000 -0.000007 -0.000011 -1.000003 0.000002 1.000000 -0.000011 1.000004 -0.000001 -0.000007 3713.dat
1 15 0.333330 -109.765300 0.000000 0.000007 -0.000011 1.000000 -0.000001 1.000000 0.000011 -1.000000 -0.000001 0.000007 49295c01.dat
0 NOFILE
0 FILE Front_fork
0 Front_fork
0 Name:  Front_fork
0 Author:  
0 CustomBrick
0 FlexibleBrickControlPointUnitLength -1
0 NumOfBricks:  32
1 72 0.001280 -179.000300 1.589910 -0.000011 0.000007 -1.000000 1.000000 -0.000001 -0.000011 -0.000001 -1.000000 -0.000007 87083.dat
0 STEP
1 16 -0.000700 -119.578300 -9.033340 -1.000002 -0.000011 0.000007 -0.000011 1.000000 -0.000002 -0.000007 -0.000001 -1.000001 submodel group
0 STEP
1 4 40.000670 -99.000430 1.589970 -0.000011 -0.000007 1.000000 1.000000 0.000001 0.000011 -0.000001 1.000000 0.000007 32062.dat
1 4 40.000970 -119.000400 1.586920 1.000000 -0.000007 0.000011 0.000011 0.000001 -1.000000 0.000007 1.000000 0.000001 59443.dat
1 4 -39.999530 -119.001300 1.586370 1.000000 -0.000007 0.000011 0.000011 0.000001 -1.000000 0.000007 1.000000 0.000001 59443.dat
1 4 -39.999530 -99.001540 1.589120 -0.000011 -0.000007 1.000000 1.000000 0.000001 0.000011 -0.000001 1.000000 0.000007 32062.dat
0 STEP
1 4 40.000470 -79.000620 1.586920 1.000000 -0.000007 0.000011 0.000011 0.000001 -1.000000 0.000007 1.000000 0.000001 59443.dat
1 4 -39.999930 -79.001420 1.586310 1.000000 -0.000007 0.000011 0.000011 0.000001 -1.000000 0.000007 1.000000 0.000001 59443.dat
1 71 40.000270 -49.000520 1.589910 -0.000011 -0.000007 1.000000 1.000000 0.000001 0.000011 -0.000001 1.000000 0.000007 4519.dat
1 71 -40.000140 -49.001420 1.589000 -0.000011 -0.000006 1.000000 1.000000 0.000001 0.000011 -0.000001 1.000000 0.000006 4519.dat
0 STEP
1 0 40.000270 -49.000520 1.589910 -0.000007 -0.000011 -1.000000 0.000001 1.000000 -0.000011 1.000000 -0.000001 -0.000007 60483.dat
1 1 19.998970 -39.000720 1.594610 -0.000011 -0.000007 1.000020 1.000000 0.000002 0.000011 -0.000001 1.000021 0.000007 43093.dat
1 0 -40.000140 -49.001420 1.589000 0.000006 -0.000011 1.000000 -0.000001 1.000000 0.000011 -1.000000 -0.000001 0.000006 60483.dat
1 1 -20.000230 -39.001220 1.596320 -0.000011 -0.000006 1.000018 1.000000 0.000002 0.000011 -0.000001 1.000018 0.000006 43093.dat
0 STEP
1 0 39.999780 -9.000120 1.589730 1.000000 0.000007 -0.000011 0.000011 -0.000001 1.000000 0.000007 -1.000000 -0.000001 32013.dat
1 0 19.998670 -9.000319 1.594430 1.000000 0.000007 -0.000011 0.000011 -0.000001 1.000000 0.000007 -1.000000 -0.000001 32013.dat
1 0 -20.000520 -9.000820 1.596020 1.000000 0.000006 -0.000011 0.000011 -0.000001 1.000000 0.000006 -1.000000 -0.000001 32013.dat
1 0 -40.000640 -9.000820 1.588880 1.000000 0.000006 -0.000011 0.000011 -0.000001 1.000000 0.000006 -1.000000 -0.000001 32013.dat
0 STEP
0 NOFILE
0 FILE SubModel Group
0 SubModel Group
0 Name:  SubModel Group
0 Author:  
0 CustomBrick
0 FlexibleBrickControlPointUnitLength -1
0 NumOfBricks:  15
1 71 -0.000100 -44.426800 -9.967100 -1.000000 0.000000 0.000000 0.000000 1.000000 0.000001 0.000000 0.000001 -1.000000 99773.dat
1 71 -0.000100 -54.426800 -9.967100 -1.000000 0.000000 0.000000 0.000000 1.000000 0.000001 0.000000 0.000001 -1.000000 99773.dat
1 1 -20.000000 -59.426800 -9.967199 0.000000 -1.000000 0.000000 -1.000000 0.000000 0.000000 0.000000 0.000000 -1.000000 43093.dat
1 1 20.000000 -59.426800 -9.967199 0.000000 -1.000000 0.000000 -1.000000 0.000000 0.000000 -0.000001 0.000000 -1.000000 43093.dat
0 STEP
1 71 40.000000 -29.426700 -10.467100 1.000000 0.000000 0.000001 -0.000001 0.000000 0.999999 0.000000 -1.000000 0.000001 3713.dat
1 71 -40.000000 -29.426700 -10.467100 1.000000 0.000000 0.000001 -0.000001 0.000000 0.999999 0.000000 -1.000000 0.000001 3713.dat
1 0 -40.000000 -39.426700 -9.967100 0.000000 0.000000 1.000000 1.000000 0.000000 0.000000 0.000000 0.999999 0.000000 3705.dat
1 0 40.000000 -39.426700 -9.967100 0.000000 0.000000 1.000000 1.000000 0.000000 0.000000 0.000000 1.000000 0.000000 3705.dat
0 STEP
1 71 -40.000000 -64.426800 -9.967199 0.000000 0.000000 1.000000 0.000000 0.999999 0.000000 -1.000000 0.000000 0.000000 41677.dat
1 71 40.000000 -64.426800 -9.967199 0.000001 0.000000 -1.000000 0.000000 0.999999 0.000001 0.999999 0.000000 0.000000 6632.dat
0 STEP
1 71 20.000000 -74.426800 -9.967100 0.000000 0.000000 1.000000 0.000000 1.000000 0.000000 -1.000000 0.000000 0.000000 41677.dat
1 71 0.000000 -74.426800 -9.967100 0.000001 0.000000 -1.000000 0.000000 0.999999 0.000001 0.999999 0.000000 0.000000 6632.dat
0 STEP
1 0 -0.000100 -59.426800 -49.967100 0.000000 0.929661 -0.368416 1.000000 0.000000 0.000001 0.000001 -0.368416 -0.929661 2780.dat
1 0 0.000000 -59.426800 -29.967200 0.000000 0.929661 -0.368416 1.000000 0.000000 0.000001 0.000001 -0.368416 -0.929661 2780.dat
0 STEP
1 71 -0.000100 -69.426800 -39.967200 1.000000 0.000000 0.000000 0.000000 1.000000 -0.000001 0.000000 0.000001 1.000000 43857.dat
0 STEP
0 NOFILE
0 FILE Front_wheel
0 Front_wheel
0 Name:  Front_wheel
0 Author:  
0 CustomBrick
0 FlexibleBrickControlPointUnitLength -1
0 NumOfBricks:  2
1 71 0.000000 -109.760700 -0.000120 1.000000 -0.000011 -0.000007 0.000011 1.000000 0.000001 0.000007 -0.000001 1.000000 32073.dat
1 15 0.000000 -109.765300 0.000120 0.000007 -0.000011 1.000000 -0.000001 1.000000 0.000011 -1.000000 -0.000001 0.000007 49295c01.dat
0 NOFILE
0 FILE SubModel EV3 Core Copy
0 SubModel EV3 Core Copy
0 Name:  SubModel EV3 Core Copy
0 Author:  
0 CustomBrick
0 FlexibleBrickControlPointUnitLength -1
0 NumOfBricks:  17
1 15 -0.000980 -164.996700 -29.867620 1.000000 0.000000 -0.000015 -0.000015 0.000000 -1.000000 0.000000 1.000000 0.000000 95646.dat
1 71 100.000200 -84.998130 -29.867700 -0.000013 -0.000003 1.000000 -0.999601 -0.028271 -0.000014 0.028271 -0.999601 -0.000003 55615.dat
1 71 -99.999770 -84.996860 -29.863760 -0.000045 -0.000128 -1.000000 0.999600 -0.028271 -0.000041 -0.028271 -0.999600 0.000129 55615.dat
1 2 -120.000600 -65.005640 -30.425210 -0.000059 -0.000045 1.000000 -0.028270 0.999600 0.000043 -0.999601 -0.028270 -0.000060 32523.dat
1 1 -140.000700 -65.006500 -30.424000 -0.000045 0.000059 1.000000 0.999600 0.028270 0.000043 -0.028270 0.999600 -0.000060 6558.dat
1 1 -100.000700 -65.004860 -30.429160 -0.000045 0.000059 1.000000 0.999601 0.028270 0.000043 -0.028270 0.999600 -0.000061 6558.dat
1 1 99.998710 -65.006120 -30.433120 -0.000045 0.000059 1.000000 0.999601 0.028270 0.000043 -0.028270 0.999601 -0.000061 6558.dat
1 1 139.998700 -65.006680 -30.433230 -0.000045 0.000059 1.000000 0.999600 0.028270 0.000043 -0.028270 0.999600 -0.000061 6558.dat
1 2 119.998700 -65.007540 -30.432020 -0.000059 -0.000045 1.000000 -0.028271 0.999600 0.000043 -0.999600 -0.028271 -0.000061 32523.dat
0 STEP
1 71 -120.001600 -45.013720 -30.993370 -0.000045 -1.000000 0.000059 0.999601 -0.000043 0.028270 -0.028270 0.000060 0.999600 48989.dat
1 71 119.997800 -45.015520 -30.997420 -0.000045 -1.000000 0.000059 0.999600 -0.000043 0.028271 -0.028270 0.000060 0.999600 48989.dat
1 15 -0.003370 -45.581820 -50.982300 0.000014 -0.000059 1.000000 -0.999601 -0.028271 0.000012 0.028270 -0.999601 -0.000060 32278.dat
0 STEP
1 71 0.000820 -44.995560 70.132340 -0.000003 0.000000 1.000000 1.000000 0.000000 0.000003 0.000000 1.000000 0.000000 32524.dat
1 0 60.000780 -44.997540 60.132360 0.000000 -0.000003 1.000000 0.000000 1.000000 0.000003 -1.000000 0.000000 0.000000 2780.dat
1 0 20.000790 -44.996940 60.132350 0.000000 -0.000003 1.000000 0.000000 1.000000 0.000003 -1.000000 0.000000 0.000000 2780.dat
1 0 -19.999200 -44.996360 60.132340 0.000000 -0.000003 1.000000 0.000000 1.000000 0.000003 -1.000000 0.000000 0.000000 2780.dat
1 0 -59.999180 -44.995760 60.132350 0.000000 -0.000003 1.000000 0.000000 1.000000 0.000003 -1.000000 0.000000 0.000000 2780.dat
0 STEP
0 NOFILE
0 FILE Right_core_holder
0 Right_core_holder
0 Name:  Right_core_holder
0 Author:  
0 CustomBrick
0 FlexibleBrickControlPointUnitLength -1
0 NumOfBricks:  3
1 4 -23.572060 -96.869790 9.029380 0.000000 0.000001 1.000000 0.000001 1.000002 0.000000 -1.000001 0.000000 0.000000 32054.dat
1 71 -24.760900 -56.889120 9.034030 0.999558 0.000000 0.029682 0.029681 -0.000001 -0.999560 0.000000 1.000001 -0.000001 32524.dat
1 1 -26.723230 3.720600 -4.365020 -0.016159 0.570491 0.821144 -0.023198 0.820816 -0.570721 -0.999600 -0.028272 -0.000029 43093.dat
0 NOFILE
0 FILE Left_core_holder
0 Left_core_holder
0 Name:  Left_core_holder
0 Author:  
0 CustomBrick
0 FlexibleBrickControlPointUnitLength -1
0 NumOfBricks:  3
1 1 44.065700 -12.068300 -15.707640 0.000008 -0.000009 1.000000 -0.000002 1.000000 0.000008 -1.000000 -0.000002 0.000008 43093.dat
1 71 7.864120 -61.077400 -3.691150 0.803848 0.000021 -0.594838 -0.594593 -0.028270 -0.803527 -0.016833 0.999601 -0.022712 32524.dat
1 4 -15.929800 -93.216220 -4.601240 -0.000021 0.570713 0.821150 0.028270 0.820822 -0.570486 -0.999601 0.023201 -0.016151 32054.dat
0 NOFILE
